-2.620302670249594242e-03
-5.230569617166778637e-03
-5.937657290070126603e-03
-7.041875242586548463e-03
-3.464845831772089824e-03
8.907095971690964092e-03
3.099070872570614324e-02
6.281719092967068263e-02
8.110269433503355940e-02
5.989404601092782054e-02
1.622012256199461058e-02
-2.678895980917508825e-03
-2.925371288537880615e-03
-1.924644083160297970e-03
-2.329769390024655131e-03
-5.503816714366836435e-03
-7.241716460247880210e-03
-2.327724018416777851e-03
1.287351009125958963e-02
4.461975520495616021e-02
7.557423829590322051e-02
7.225843213067426052e-02
3.087618745619916463e-02
8.262841273055256510e-04
-5.189983357082387540e-03
-1.483143285330956263e-03
-3.371754676098620692e-04
-2.382119671722003357e-03
-5.756710232562527348e-03
-5.850014498284717909e-03
1.828684739689043215e-03
2.879331411108356636e-02
6.609658648951530213e-02
7.963439568519892209e-02
4.671282095458116623e-02
9.020908478919606455e-03
-5.578886426110240757e-03
-3.899351679499438606e-03
-1.265713878506816679e-03
-4.279105581764641730e-03
-6.581700422053041177e-03
-4.982334117939319490e-03
1.493762500597593974e-02
5.339927502666243220e-02
8.152411129718784011e-02
6.174442965990135229e-02
2.175422612355271818e-02
-1.748425984608312049e-03
-4.934834217702637089e-03
-2.223837309960868813e-03
-5.603235746846822046e-03
-8.621613531070474248e-03
2.814965922925456113e-03
3.708719645470164028e-02
7.585672339962973298e-02
7.212988422428719126e-02
3.583139747724820717e-02
5.773664533781095246e-03
-3.425842966141698018e-03
-2.522351435445263548e-03
-7.370228013791491756e-03
-3.785605718185762209e-03
2.178937555420781130e-02
6.563769053641387019e-02
7.862264987114048198e-02
5.100004408394271521e-02
1.711964479113386658e-02
5.245807902478414166e-04
-4.123544004233813641e-03
-5.792688702608063574e-03
8.453951886768498389e-03
5.075920597633865744e-02
7.959708430678288926e-02
6.629680942719511083e-02
3.377393548792826522e-02
1.097136610646808411e-02
-3.289022815387851809e-03
-1.066074493510147866e-03
3.175979524008721439e-02
7.200884706776372601e-02
7.798302888687623502e-02
5.427397373586205498e-02
2.958129565943045172e-02
-5.014369539793685736e-03
1.091236042405436223e-02
5.220973461810066163e-02
7.837984065366611353e-02
7.201487942111756135e-02
5.344252328947544234e-02
-1.628339310850641366e-03
2.442591022852188057e-02
6.227376900581117758e-02
7.845802279138976154e-02
7.683348480755684828e-02
-2.213893534738277673e-04
2.645121530346363978e-02
5.577138836856750104e-02
7.536599920266810748e-02
-1.061994341914272852e-03
1.453245906822308101e-02
3.856132977113578553e-02
-5.212533170828664679e-03
1.324193168607513136e-03
-4.014552170793075220e-03
-3.946667504997828334e-03
8.356202105610608874e-03
-1.103583163040117859e-02
-1.023015388892969772e-02
-3.718416660006826965e-03
7.115442942545478766e-03
2.670208591632488790e-02
4.872653303459340002e-02
6.411513262705779981e-02
4.997457565602178575e-02
1.506399900334682608e-02
2.365971683746726038e-03
1.059789292699872022e-02
9.985273459840798491e-03
-5.740204754096468916e-03
-1.214961032797202446e-02
-1.072566402269627475e-02
-5.549378503884827736e-03
9.386425436590946011e-03
3.140768377648286980e-02
5.520885460887641621e-02
5.360768657806862236e-02
1.992516666337841927e-02
-5.090252216508972180e-03
-4.324848497518347760e-03
6.876934356029655755e-03
1.488878361181448368e-02
-3.212225585856663072e-03
-8.448293516619062582e-03
-9.259122266232473406e-03
-2.949840585907157007e-04
1.861732470055979180e-02
4.714702601811409516e-02
5.770855624233003217e-02
3.106814017870728264e-02
5.730685236272179024e-04
-9.842455745609079640e-03
2.944025730068100012e-03
6.459131959427618849e-03
6.850398711878103938e-03
5.087710800251721288e-03
1.004098117248030872e-02
2.520236531846412747e-02
5.633055730992236887e-02
7.826074147894197808e-02
6.145209232702361635e-02
2.991538881863413726e-02
1.108700390707448129e-02
1.816361578017485628e-02
-2.841631941468691479e-03
-7.684661304766309160e-03
-8.706871564438202482e-03
-1.221233831972693600e-03
2.659072133369181148e-02
5.592614741163810799e-02
5.077126804455082965e-02
2.305627218851784982e-02
-4.624812078130996745e-04
5.019962543995026534e-04
-2.817731533080152905e-03
-5.564639335494315185e-03
-4.997121295612755830e-03
1.697287682152871791e-02
5.122519301932848546e-02
5.841944747432383650e-02
3.739551295511391038e-02
1.136693633262903826e-02
6.124514549015559750e-03
-1.629733955416328480e-03
-6.004038621794044808e-03
6.644591632542516668e-03
4.098518295511427434e-02
6.057698405036286704e-02
5.022583486515504181e-02
2.574380439550427377e-02
1.646374558034963478e-02
-4.728482130417434662e-03
-1.890535029609557039e-03
2.509505407574133540e-02
5.465820193250399417e-02
5.870771120452816794e-02
4.057752840098562130e-02
3.022814142871008136e-02
-2.159353928576201315e-03
9.610291801436068523e-03
4.094660879168418588e-02
6.157474054490624099e-02
5.590693018834962807e-02
4.967100878789299651e-02
-1.772890310043953241e-03
1.546146869305896343e-02
4.700118616680459133e-02
5.934074582216957577e-02
6.482614042607071081e-02
-2.137344297618559794e-03
1.866834838562126536e-02
4.312540148041552751e-02
6.494840885172507849e-02
3.096015700764226516e-04
1.144544059531134479e-02
3.638644296531104438e-02
-3.804742038617954600e-03
3.599039936632468257e-03
-2.243037648267358439e-03
