2.936508800000000030e-01
4.794942799999999949e-01
5.406729900000000200e-01
7.673444449999999861e-01
9.940158999999999523e-01
1.726311499999999999e+00
1.996917899999999912e+00
1.700215249999999845e+00
1.403512599999999999e+00
4.285704000000000180e-01
3.680288400000000237e-01
2.453715200000000096e-01
8.359655900000000084e-02
1.183483399999999963e-01
4.999990100000000215e-01
8.645516799999999891e-02
6.487836799999999737e-01
1.263807700000000089e+00
1.699554750000000114e+00
1.700428875000000062e+00
1.701303000000000010e+00
8.210560799999999659e-01
6.250030300000000150e-01
3.257322000000000273e-01
2.387718600000000024e-01
1.734862500000000085e-01
2.339451800000000026e-01
-6.451599299999999371e-02
2.330821299999999985e-01
1.479289900000000102e-01
1.333338099999999971e+00
1.042861800000000061e+00
6.582320000000000393e-01
5.606060600000000171e-01
3.694267500000000259e-01
-3.375527400000000178e-02
2.207820600000000022e-01
1.379308300000000043e-01
1.069187100000000001e-01
7.398556400000000366e-02
1.283015700000000037e-01
6.449742899999999501e-01
8.333375299999999930e-01
2.470588200000000123e-01
3.355263199999999890e-01
-2.906976699999999983e-02
1.461988300000000018e-01
5.461538500000000518e-01
1.369859900000000054e-02
9.362088600000000038e-02
1.645882599999999862e-01
3.321291800000000238e-01
5.108731300000000086e-01
1.047120400000000062e-01
1.503268000000000104e-01
-1.704545500000000102e-01
-2.222222199999999981e-02
6.453900700000000379e-01
5.000000000000000278e-02
2.050109300000000148e-02
2.064511800000000119e-01
2.153110000000000024e-01
2.115384600000000115e-01
6.194690299999999761e-02
1.103448300000000049e-01
-4.347826099999999722e-02
6.349206300000000136e-02
2.625000000000000111e-01
1.504335599999999940e-01
1.984921400000000113e-01
5.448706500000000119e-02
-1.185567000000000010e-01
2.694610800000000195e-01
-1.452514000000000027e-01
-4.411764699999999872e-01
3.988095199999999729e-01
1.798634400000000133e-01
5.995194400000000007e-02
6.818164899999999695e-02
2.256097599999999925e-01
5.928571400000000047e-01
4.306220100000000134e-02
6.363636400000000082e-01
2.398052099999999909e-01
2.017800200000000044e-01
4.253720899999999805e-01
4.413444400000000045e-01
4.040026199999999790e-01
1.617025900000000016e+00
1.317826599999999959e-01
2.452825899999999948e-01
3.598607799999999912e-01
9.687500000000000000e-01
1.076927299999999921e+00
1.000004599999999993e-01
3.333344699999999938e-01
5.146470899999999737e-01
7.027027000000000134e-01
1.474362899999999976e-01
4.395896300000000090e-01
3.186805500000000069e-01
1.405547299999999888e-01
3.645827100000000043e-02
1.860721300000000022e-01
6.887035800000000652e-02
8.869166700000000181e-03
1.168088999999999933e-01
9.569378000000000606e-02
2.932723799999999992e-01
5.706557399999999669e-01
6.842139799999999994e-01
7.567597099999999744e-01
7.063179800000000119e-01
5.853666800000000281e-01
2.173909199999999875e-01
-1.931645599999999921e-02
7.549565099999999696e-02
1.041030800000000006e-01
1.052629199999999959e-01
8.108093699999999182e-03
2.185179899999999953e-01
4.545489600000000019e-01
6.353627400000000369e-01
5.406729900000000200e-01
8.757435199999999975e-01
9.318219100000000310e-01
2.274706200000000123e-01
4.142003799999999930e-02
3.853201700000000174e-02
3.062193300000000049e-02
2.042892299999999883e-01
4.938263600000000059e-02
2.500027799999999800e-01
2.178566299999999956e-01
6.013071899999999914e-01
5.616468300000000413e-01
8.396946600000000371e-01
6.847322900000000212e-01
1.791694000000000064e-01
1.162788499999999926e-02
-2.076119900000000101e-02
-7.601559700000000419e-02
1.126434000000000046e-01
9.179663999999999879e-02
1.435765900000000039e-01
1.547166000000000097e-01
3.539325799999999966e-01
3.590938900000000267e-01
4.747507799999999833e-01
2.625698300000000041e-01
9.405940599999999818e-02
-1.149447499999999983e-01
-1.190473899999999925e-02
5.003613900000000031e-02
1.440340800000000088e-01
3.269748900000000319e-02
1.438593200000000127e-01
2.417092700000000038e-01
4.343467400000000089e-01
2.157894700000000110e-01
1.315789500000000001e-01
-1.557991099999999907e-01
1.031390100000000032e-01
1.221819999999999989e-01
3.846281399999999795e-02
7.267427999999999388e-02
1.396223000000000047e-01
4.894771299999999825e-01
3.195910100000000087e-01
5.982906000000000335e-02
-7.777777800000000574e-02
-1.181102399999999983e-02
5.003950299999999907e-02
-1.618701200000000062e-02
4.166659999999999808e-02
4.025451500000000182e-01
3.251263799999999926e-01
3.396226399999999757e-01
1.271186399999999980e-02
4.311377200000000021e-01
4.360247099999999681e-02
8.979713599999999962e-02
2.417298800000000081e-01
3.904408600000000007e-01
3.514671799999999902e-01
3.664596299999999807e-01
3.726445999999999925e-01
-2.503245000000000123e-02
2.735185399999999767e-01
5.196858699999999942e-01
4.618170799999999909e-01
3.055585900000000188e-01
5.595888900000000055e-01
3.897975300000000032e-01
6.188543100000000186e-01
5.540904800000000519e-01
7.209332800000000097e-01
8.586421699999999824e-01
3.448531400000000025e-01
6.093187399999999698e-01
4.013461700000000021e-01
1.023926600000000020e+00
1.474927500000000058e-01
5.448857999999999757e-01
5.786524600000000351e-01
9.361308399999999919e-02
2.008042600000000122e-01
3.856740599999999852e-02
